bezier
100 0 200 200 0 100 0 0
hermite
0 100 200 200 100 100 -100 100
bezier
100 0 300 300 0 100 0 0
hermite
0 100 300 300 100 100 -100 100
bezier
200 0 300 300 0 200 0 0
hermite
0 200 300 300 100 100 -100 100
bezier
100 0 400 400 0 100 0 0
hermite
0 100 400 400 100 100 -100 100
bezier
200 0 400 400 0 200 0 0
hermite
0 200 400 400 100 100 -100 100
bezier
300 0 400 400 0 300 0 0
hermite
0 300 400 400 100 100 -100 100
bezier
100 0 500 500 0 100 0 0
hermite
0 100 500 500 100 100 -100 100
bezier
200 0 500 500 0 200 0 0
hermite
0 200 500 500 100 100 -100 100
bezier
300 0 500 500 0 300 0 0
hermite
0 300 500 500 100 100 -100 100
bezier
400 0 500 500 0 400 0 0
hermite
0 400 500 500 100 100 -100 100
display
save
image.png